20090917 81
20091007 371
20091102 656 First C code
20091110 907
20100110 1026
20100121 1094 Start memory stuff
20100129 1177
20100201 1296
20100203 1385
20100205 1500
20100218 1573
20100223 1656
20100224 1856 Start lapic
20100317 2253
20100326 2382 Cec goes off
20100328 2654
20100330 2886
20100402 3043
20100404 3559
20100406 3806
20100414 3887 End interrupts
20100418 4027
20100422 4127
20100424 4242
20100425 4469 Cec is back
20100506 4560 hd
20100510 4570
20100513 4691
20100523 4691
20100527 4775
20100529 4800
20100530 4881
20100701 5041
20100707 5054
20100821 5061
20101124 5068 ATA done.
20101127 5265 MBR
20101209 5608 Trees
20101214 6009 Tests
20101222 6131 kma
20101227 6211
20101230 6377
20110101 6558
20110102 6648 slabs
20110103 6753
20110113 6855 devices
20110114 6912
20110115 7056 vfs start
20110119 7204
20110124 7332
20110128 7503
20110201 7606
20110205 7844
20110218 7885
20110223 8025 namei
20110228 8201
20110303 8342 elf start
20110312 8710
20110319 8739
20110401 8818
20110628 9047
20111002 9012
20120112 9151
20120121 9374 syscalls
